796698538637824000
2945921772
811211361443164164
708510968914026496
2766228289
3180044564795140867459846144
4911463833
239236532
733129139541008384
804515438474489858204897933
2475071309
796903561913335808
707952869832577024
117168156809877418517364736
2562051652
723857276046589952
807746143576801280
4882982101180622503
104174060
4025695640
346912821
76214767309692518546557162
4706867958
1287378884
402617695
733308849453699072740997088528343040
3382343254
812382947265355776
1391575369
2339619423119691856
614068489
231430781
93793586
12883273021682943631
784928533172801536
4290502154
815841288163573762
464257333453633147
787572006233309184
4462298898
426345424
776033678900297728708484926228660224
809856703130963968
1029249265
806220639942180864
7131711371575746572567147606
4605778070
257280523
800750791732563968
1347937555296503370
262394515
791033205747027969
812744805843435521
7989391103961784322204333180
1850983404
547089105
2249447493
109237155416384613
809550213094473728
3291219547
297420131
805714608749166592312961735
2943696951
807897751799201792
3119792811
5527005453067016491
738878845109952512
65164248
816779584687390720
801302651992424448